511
933
499
324
775
368
279
428
717
290
342
607
709
248
234
800
107
225
513
177
826
968
687
776
562
54
252
60
6
168
920
456
982
533
718
863
114
515
631
929
103
715
591
237
54
170
845
776
259
393
326
29
466
792
802
366
848
158
251
634
585
661
835
463
597
172
708
570
743
573
509
949
680
201
579
98
272
224
324
317
175
653
916
838
659
458
193
47
681
112
129
731
560
218
718
601
820
259
39
239
232
613
794
754
191
132
488
261
36
290
529
945
223
637
657
140
914
70
890
405
556
835
28
551
862
904
818
324
691
417
661
845
500
236
598
711
420
573
887
128
529
618
634
586
740
728
6
192
561
261
551
663
242
304
868
391
72
382
846
498
379
487
535
692
356
409
192
668
352
340
351
50
663
517
352
42
101
455
731
40
119
31
62
453
242
407
651
497
592
381
676
625
395
989
469
875
191
933
546
41
778
392
770
475
862
438
483
519
114
97
608
293
157
515
936
47
796
478
919
446
941
997
106
387
916
194
510
444
285
439
250
190
386
977
574
571
743
586
827
99
627
151
796
512
666
842
684
125
880
608
994
535
527
389
633
567
924
823
92
542
806
392
665
883
441
257
276
298
273
76
576
573
457
560
928
119
686
275
676
7
743
563
810
154
111
550
681
357
605
275
885
33
507
88
7
992
406
374
164
176
