852
931
562
218
800
490
777
827
575
767
462
491
103
832
475
785
558
290
155
45
75
309
711
189
710
351
358
250
908
852
739
78
648
500
884
912
959
533
489
99
451
713
289
906
635
65
260
160
129
371
692
751
756
794
53
399
567
253
72
593
10
155
459
323
120
932
283
277
897
242
476
668
585
889
8
831
608
3
759
968
452
945
111
581
540
606
396
439
998
493
329
433
221
446
184
900
339
660
663
113
317
170
692
320
104
494
794
945
526
254
564
536
286
945
58
510
699
377
314
149
739
623
898
10
459
726
443
969
522
428
720
573
828
29
263
110
120
970
775
352
188
745
211
321
375
390
511
98
336
666
489
33
510
506
337
757
943
459
476
659
173
755
406
392
565
459
263
831
658
835
407
973
995
406
341
354
681
607
164
26
155
194
312
868
941
552
696
385
255
501
164
65
707
243
465
194
801
796
330
474
494
690
635
382
946
91
304
99
841
699
43
396
462
377
278
701
419
15
582
799
276
171
489
323
756
34
897
260
568
767
818
839
619
375
961
510
338
281
22
60
482
83
659
595
622
559
525
12
774
391
626
718
253
182
381
538
705
817
495
917
337
101
718
927
938
578
610
170
834
455
893
478
210
255
548
428
838
780
132
90
518
794
950
750
266
478
639
549
314
360
537
149
572
614
126
472
874
67
134
996
699
719
887
24
777
487
269
825
676
471
283
422
685
111
233
623
229
859
470
700
398
975
632
60
875
122
850
484
764
849
574
43
493
407
683
715
224
363
408
297
232
530
338
232
984
5
643
418
884
125
724
72
686
517
109
875
675
601
34
939
928
549
760
951
375
480
833
462
503
778
108
13
507
11
529
248
578
525
676
102
807
468
424
480
354
156
854
401
239
954
766
84
901
799
782
481
874
362
296
217
