533
371
650
501
710
10
116
197
876
217
452
647
387
507
345
570
587
705
930
987
154
43
313
319
214
970
689
536
246
617
763
163
538
868
310
936
704
385
22
3
625
462
351
377
163
522
129
623
40
584
150
391
959
353
539
643
162
512
884
727
185
171
515
185
445
495
161
572
767
636
718
620
226
387
583
387
558
645
958
285
559
989
846
857
445
55
879
960
230
554
871
306
258
684
762
78
157
180
332
913
602
917
476
786
902
272
668
557
195
506
702
726
119
968
577
679
428
767
773
910
561
880
987
864
121
867
930
225
27
323
973
887
210
914
745
45
486
13
918
421
531
970
107
617
680
344
87
580
627
407
909
635
284
658
521
113
31
898
849
818
390
707
262
471
727
404
843
140
97
978
669
101
85
293
92
367
955
255
984
397
59
449
544
249
974
64
320
349
308
183
761
482
31
822
861
832
584
930
803
551
