212
847
785
28
47
562
751
444
375
18
213
645
583
14
36
607
975
972
588
715
425
782
649
22
832
389
383
406
924
629
49
146
297
265
260
684
193
191
265
738
87
814
779
660
902
678
350
832
121
943
441
820
717
726
237
658
388
886
359
330
195
435
851
900
207
395
113
924
883
568
533
571
53
968
226
171
27
15
430
305
408
303
668
9
772
494
190
894
147
713
762
984
228
894
72
923
509
935
881
509
325
173
225
39
378
810
768
215
677
659
70
156
356
284
742
411
22
374
228
465
780
278
898
161
278
296
632
135
836
811
970
934
246
565
575
359
534
290
263
570
21
248
84
632
476
510
773
657
188
429
327
763
256
151
174
388
658
935
475
113
419
344
430
199
287
386
605
561
56
361
974
515
139
39
314
334
720
996
283
579
366
341
256
765
446
362
709
161
55
724
105
552
91
86
483
504
72
50
293
336
313
599
804
298
166
296
391
53
33
760
662
818
939
796
269
869
751
801
193
16
910
583
282
965
515
213
995
858
671
518
710
721
504
275
531
440
78
363
202
93
31
440
480
213
204
795
951
526
403
122
793
922
646
743
255
55
652
596
468
468
143
598
648
646
198
591
642
195
444
359
893
950
857
909
943
340
440
649
606
69
1
838
245
422
600
518
598
574
134
805
816
47
990
105
459
622
491
441
729
22
672
253
703
705
488
663
901
280
376
216
99
492
746
692
997
957
323
458
376
930
584
566
822
810
933
705
518
818
150
114
24
182
457
790
288
93
804
893
377
615
723
430
548
370
365
822
369
773
889
268
446
652
763
304
214
173
139
68
692
216
935
898
935
373
944
24
168
666
676
256
267
668
106
236
99
399
723
58
321
88
743
124
686
851
262
602
591
592
993
715
402
226
512
169
510
98
725
787
583
97
880
569
107
492
437
962
687
628
980
929
221
854
855
281
234
295
738
510
195
492
94
942
329
840
838
534
438
526
839
529
334
249
257
38
609
881
3
640
735
760
199
123
614
293
641
77
249
337
982
466
673
800
491
356
177
169
243
299
813
632
310
704
475
498
247
103
125
130
613
686
229
84
436
488
146
599
732
854
683
216
315
840
314
180
215
879
674
445
351
158
372
360
379
81
319
645
585
366
879
272
