5
3
7
14
13
24
29
27
37
53
39
60
60
60
63
69
66
79
87
86
99
112
106
117
128
125
131
139
138
144
159
152
166
191
170
192
206
205
207
212
208
216
218
218
226
243
237
246
273
259
273
296
279
302
305
303
307
312
308
313
313
313
313
328
321
332
349
337
350
353
352
355
358
358
365
390
375
401
409
403
409
437
425
440
449
440
450
466
462
468
477
476
491
492
492
508
519
518
521
532
526
536
545
542
555
566
561
572
574
572
579
588
585
589
597
592
599
618
617
621
639
626
641
649
646
650
654
653
674
687
687
693
721
715
723
728
724
733
742
741
764
772
769
776
793
777
796
807
800
809
810
809
813
815
815
817
822
822
823
827
827
839
843
841
847
853
851
855
861
861
872
882
881
882
891
884
895
901
896
902
908
904
911
918
916
928
935
931
936
941
938
947
969
965
969
982
970
983
999
996
