3
3
5
13
6
15
24
22
26
32
28
34
36
34
39
46
42
46
61
52
61
66
65
66
82
81
85
91
85
97
108
99
113
122
115
126
138
135
148
150
150
150
152
151
154
156
156
159
163
161
165
167
166
167
197
171
197
201
200
204
206
206
213
220
218
221
229
222
230
239
235
239
244
239
245
249
248
255
262
259
263
267
265
276
281
280
283
289
284
298
302
299
304
310
304
316
318
318
320
321
320
321
326
324
329
336
334
336
341
336
343
344
344
349
362
352
363
364
364
365
369
368
372
376
376
377
397
386
401
414
401
418
433
420
436
440
438
441
444
442
448
454
451
454
456
455
458
468
463
469
473
472
484
485
485
491
493
492
496
500
497
500
508
503
516
528
516
530
535
532
536
539
539
539
541
539
547
551
548
555
562
558
563
567
564
575
583
578
586
599
598
603
616
615
619
627
619
628
633
629
645
648
647
655
668
665
669
670
669
674
685
683
688
699
690
705
709
709
711
713
712
716
735
724
736
741
738
744
748
746
757
765
758
768
777
770
787
803
788
805
811
809
811
813
812
815
816
816
821
830
829
831
845
842
848
866
865
868
878
874
881
899
898
908
915
913
916
923
916
926
928
928
935
937
936
940
944
941
944
946
946
947
958
956
958
959
959
959
970
963
973
977
976
981
987
984
990
992
991
999
