3
2
4
5
4
12
18
16
19
23
20
26
32
26
33
34
33
37
38
37
39
42
39
45
45
45
48
51
50
53
56
55
59
64
64
69
71
70
75
80
79
85
86
86
87
93
91
100
104
102
107
108
108
109
114
113
115
116
115
124
128
126
132
137
133
139
140
139
142
147
147
152
155
154
157
166
163
170
172
170
173
177
176
177
186
182
189
198
197
201
207
206
210
216
211
219
224
223
228
236
232
236
238
237
241
250
248
254
256
254
257
260
257
262
264
263
266
273
268
274
282
278
286
290
288
291
295
293
296
300
299
305
306
305
307
307
307
309
316
316
317
319
318
321
321
321
322
327
325
327
331
331
333
335
334
336
337
337
340
347
345
347
352
350
353
359
357
365
367
365
368
378
377
379
382
381
383
386
384
386
391
388
392
393
393
395
402
397
404
409
406
412
416
414
416
421
416
422
425
424
427
429
428
430
432
431
434
436
436
437
442
441
443
445
444
445
448
447
448
450
449
456
457
457
457
461
458
462
462
462
464
470
466
471
478
477
479
481
481
481
483
482
483
485
484
487
493
490
493
500
499
501
503
502
504
506
505
506
515
510
519
520
520
521
525
523
525
528
527
530
537
536
540
545
541
546
548
547
550
558
555
564
565
565
568
572
569
574
575
574
576
578
578
581
584
582
584
586
586
587
594
592
596
597
597
598
598
598
600
602
602
603
604
604
608
611
610
612
617
614
619
624
622
627
629
628
634
641
637
641
643
642
648
653
651
654
663
657
667
669
668
673
674
674
675
679
676
683
685
684
687
689
688
690
695
691
697
703
699
704
711
705
712
714
713
715
719
718
726
726
726
733
740
734
743
750
746
750
751
750
752
756
754
760
764
763
764
768
765
776
776
776
779
785
782
790
792
791
795
797
795
798
799
799
801
806
804
808
815
810
821
824
821
829
839
839
841
847
843
848
853
849
853
854
854
855
861
861
862
867
865
868
871
869
872
880
872
882
884
884
885
891
890
893
895
895
896
898
897
900
908
900
908
910
910
912
915
914
916
920
918
924
925
924
932
934
933
935
942
939
942
946
943
950
951
950
952
954
953
956
958
957
962
966
962
968
969
968
970
974
970
974
982
978
988
991
989
993
998
998
