5
1
5
17
13
17
26
21
27
29
29
32
36
34
36
39
37
49
53
52
54
57
57
62
64
64
64
72
69
73
78
76
80
85
82
90
93
90
93
96
93
103
106
105
114
118
117
120
126
121
126
126
126
127
132
129
134
136
135
136
141
139
142
145
142
145
148
148
153
155
154
157
164
157
165
170
168
175
177
175
191
192
192
193
197
196
203
203
203
208
211
209
218
220
218
223
225
225
226
239
233
240
245
243
251
257
256
258
262
262
267
272
271
272
273
272
275
278
277
280
281
281
282
283
283
283
288
285
290
293
291
294
308
304
309
311
310
315
321
320
322
329
323
332
336
336
338
342
339
346
349
347
351
357
353
359
361
360
364
374
372
375
386
376
388
393
389
394
396
395
399
402
402
403
417
412
418
422
419
424
429
427
432
435
434
442
445
444
449
453
449
453
458
457
458
463
460
464
465
464
469
483
481
487
495
488
495
500
497
502
507
502
509
512
510
514
523
516
524
537
525
538
540
538
542
552
548
557
559
559
563
567
565
567
572
572
577
582
578
586
588
587
591
599
592
600
602
601
606
611
610
611
618
615
620
623
621
625
633
630
634
638
636
642
648
644
650
654
651
654
656
656
671
680
678
681
693
689
698
700
698
700
710
706
715
718
717
725
736
732
739
744
740
745
746
746
747
749
749
761
773
764
776
779
777
779
785
784
785
786
786
788
793
793
795
796
796
798
806
803
807
808
807
809
809
809
809
814
812
822
825
822
827
833
832
834
835
835
837
844
844
846
849
847
851
854
854
856
858
857
859
877
866
887
890
888
890
893
890
893
894
893
895
902
900
904
909
908
912
916
913
918
921
919
924
929
928
933
938
937
939
942
940
942
947
943
947
956
956
957
976
968
976
979
977
984
990
984
991
996
