998
993
991
988
985
983
976
974
974
973
972
968
964
960
958
956
951
941
941
940
931
931
927
927
922
918
917
915
915
912
911
911
907
905
901
891
891
890
888
883
873
872
871
869
867
862
858
857
855
853
852
852
851
850
848
848
841
837
836
831
831
830
822
821
818
816
814
806
805
794
793
791
791
791
787
786
784
777
776
775
775
774
771
763
763
761
761
758
756
755
754
752
749
748
746
743
740
740
740
735
735
734
734
729
719
711
701
699
699
699
697
695
694
686
684
683
677
677
667
666
664
661
660
657
657
655
653
652
651
649
649
647
642
638
636
636
633
630
628
621
620
620
619
614
611
601
599
598
595
592
591
590
588
564
557
556
553
546
545
540
539
537
535
534
529
524
523
521
510
508
508
506
505
503
501
500
494
493
489
488
486
486
482
481
480
476
468
462
457
457
451
448
447
446
440
439
437
434
428
427
427
425
420
412
408
405
404
404
404
404
403
398
398
397
395
392
391
388
384
382
382
379
378
378
377
371
370
368
368
365
365
362
360
359
358
356
352
352
350
345
344
341
340
338
337
334
331
321
320
319
319
318
316
315
311
309
308
302
299
297
294
290
290
289
288
286
284
284
280
277
277
277
269
269
268
259
258
246
246
243
242
237
236
235
235
235
233
230
227
225
223
223
222
221
217
214
214
212
206
206
205
203
203
200
194
190
187
187
185
184
184
183
182
181
180
178
174
173
171
166
164
159
158
157
155
155
154
153
152
145
143
142
141
137
133
132
123
122
117
114
113
112
110
106
102
100
100
98
93
92
91
86
86
84
79
77
76
73
70
66
65
64
63
63
61
61
60
56
49
49
47
47
46
45
44
43
41
40
39
39
37
34
32
31
31
26
24
24
24
23
23
21
20
18
16
15
13
9
6
1
