994
992
992
990
990
990
989
983
976
967
961
956
953
951
950
949
944
941
937
928
926
920
919
912
910
907
902
895
893
891
889
881
881
881
877
872
872
870
864
858
851
851
851
850
850
846
845
844
844
840
839
835
825
823
811
805
804
795
788
786
782
781
776
772
770
768
766
765
764
764
762
762
755
755
754
750
748
747
746
741
740
731
730
722
721
720
710
703
702
701
696
695
692
691
674
673
669
657
656
652
643
636
632
630
629
628
627
621
620
619
611
605
603
602
594
589
588
587
587
585
583
582
582
582
581
580
578
575
562
561
559
557
557
553
551
550
549
548
545
541
541
531
528
528
524
524
523
521
515
513
513
509
508
505
505
500
500
499
493
493
490
486
485
484
479
477
473
472
472
465
464
457
454
454
452
448
439
438
433
433
428
425
424
424
422
419
410
410
407
406
400
400
398
393
387
385
383
374
373
370
361
352
346
343
343
341
338
337
335
334
334
332
328
325
323
306
297
294
290
289
287
287
287
283
280
272
269
269
265
262
255
254
254
253
253
252
249
246
244
242
236
235
234
223
221
215
213
211
209
207
205
202
201
199
197
190
184
182
172
172
161
157
151
148
147
144
141
139
139
135
134
132
131
129
126
126
114
112
108
106
100
89
89
85
62
58
57
52
52
49
48
39
35
34
31
23
16
6
5
4
