997
990
986
972
972
960
960
959
958
956
956
950
947
946
935
933
932
931
925
916
915
899
891
885
880
875
871
860
859
850
839
838
835
830
818
814
791
785
780
772
761
760
758
750
748
748
744
739
735
724
722
722
720
712
708
704
688
683
677
674
667
665
660
660
658
654
654
646
634
627
607
605
603
602
601
598
591
587
582
579
576
571
571
569
566
561
559
558
554
553
543
531
520
507
505
497
486
484
482
478
476
468
463
463
456
452
441
439
438
435
427
420
415
411
411
407
406
400
396
395
393
373
369
361
361
357
356
356
353
352
349
345
344
343
341
326
316
311
302
299
293
293
285
277
264
256
245
242
242
241
236
224
224
221
220
213
194
190
187
180
180
177
167
165
163
156
150
149
146
145
143
141
138
138
130
122
120
120
119
116
111
109
103
103
96
86
85
84
76
66
60
53
52
47
41
32
23
20
7
5
