999
995
994
994
993
991
991
988
986
985
983
980
979
978
977
977
976
976
975
973
967
965
964
961
958
957
955
955
954
952
949
949
948
945
938
938
935
935
934
926
926
922
918
918
917
916
915
913
912
911
910
909
908
904
904
902
902
901
898
897
896
894
885
884
883
882
882
879
878
878
877
876
873
869
866
862
861
848
841
839
838
834
834
827
822
818
816
807
804
804
804
803
801
797
796
796
794
793
793
789
789
780
780
779
777
775
775
775
772
771
769
764
752
751
750
750
749
745
745
745
745
743
743
740
738
738
738
730
729
728
726
726
722
718
716
715
713
712
708
706
705
705
703
697
694
690
690
688
687
686
680
678
675
673
672
669
665
664
662
660
656
654
652
650
650
650
650
650
649
649
647
647
646
643
643
643
642
641
637
631
630
630
629
628
627
620
620
620
617
615
613
612
611
611
609
606
605
603
596
594
593
590
588
588
587
584
582
581
578
578
577
577
572
570
570
568
567
565
565
563
559
557
556
549
548
547
540
536
530
528
526
524
523
519
515
512
511
510
507
503
502
502
501
500
499
498
496
493
492
490
489
488
488
486
483
479
478
476
473
472
471
468
465
461
459
459
458
457
455
454
454
452
451
449
446
443
442
438
438
437
431
429
426
425
419
416
413
412
412
409
408
406
402
396
396
394
394
393
386
383
382
382
381
380
380
375
364
360
360
356
356
352
351
348
348
347
344
341
339
336
335
334
332
332
330
324
322
320
317
316
316
316
315
309
308
306
306
305
305
304
303
302
300
298
297
291
288
287
286
285
284
281
279
279
276
275
274
273
273
272
272
269
260
260
258
258
255
254
253
253
251
250
249
248
244
239
238
233
231
226
224
224
222
222
215
211
210
208
208
207
205
200
198
198
197
195
194
194
191
190
190
189
186
186
185
184
182
182
168
166
160
157
157
154
154
153
153
150
150
148
147
145
144
142
142
142
141
140
138
138
137
136
135
134
133
131
130
128
127
124
124
123
121
118
111
111
109
103
103
101
98
96
95
91
90
87
87
85
78
76
76
72
71
68
64
60
58
56
54
53
49
49
49
47
47
43
40
40
39
39
38
34
33
32
30
30
29
29
23
20
19
17
16
12
6
6
5
2
2
2
